using System;
using System.Collections.Generic;
using System.Linq;
using System.Text;
using System.Threading.Tasks;

namespace VI_eldontes_3
{
    class Program
    {
        static void Main(string[] args)
        {
            int[,] r = new int [50,50]{{200,200,200,200,200,200,200,200,200,200,200,200,200,200,200,200,200,200,200,200,200,200,200,200,200,200,200,200,200,200,200,200,200,200,200,200,200,200,200,200,200,200,200,200,200,200,200,200,200,200},
            {200,200,200,200,200,200,200,200,200,200,200,200,200,200,200,200,200,200,200,200,200,200,200,200,200,200,200,200,200,200,200,200,200,200,200,200,200,200,200,200,200,200,200,200,200,200,200,200,200,200},
            {200,200,200,200,200,200,200,200,200,200,200,200,200,200,200,200,200,200,200,200,200,200,200,200,200,200,200,200,200,200,200,200,200,200,200,200,200,200,200,200,200,200,200,200,200,200,200,200,200,200},
            {200,200,200,200,200,200,200,200,200,200,200,200,200,200,200,200,200,200,200,200,200,200,200,200,200,200,200,200,200,200,200,200,200,200,200,200,200,200,200,200,200,200,200,200,200,200,200,200,200,200},
            {200,200,200,200,200,200,200,200,200,200,200,200,200,200,200,200,200,200,200,200,200,200,200,200,200,200,200,200,200,200,200,200,200,200,200,200,200,200,200,200,200,200,200,200,200,200,200,200,200,200},
            {200,200,200,200,200,200,200,200,200,200,200,200,200,200,200,200,200,200,200,200,200,200,200,200,200,200,200,200,200,200,200,200,200,200,200,200,200,200,200,200,200,200,200,200,200,200,200,200,200,200},
            {200,200,200,200,200,200,200,200,200,200,200,200,200,200,200,200,200,200,200,200,200,200,200,200,200,200,200,200,200,200,200,200,200,200,200,200,200,200,200,200,200,200,200,200,200,200,200,200,200,200},
            {200,200,200,200,200,200,200,200,200,200,200,200,200,200,200,200,200,200,200,200,200,200,200,200,200,200,200,200,200,200,255,255,255,255,255,255,255,255,255,255,255,200,200,200,200,200,200,200,200,200},
            {200,200,200,200,200,200,200,200,200,200,200,200,200,200,200,200,200,200,200,200,200,200,200,200,200,200,200,200,200,200,255,255,255,255,255,255,255,255,255,255,255,200,200,200,200,200,200,200,200,200},
            {200,200,200,200,200,200,200,200,200,255,255,255,255,255,255,255,255,255,255,255,200,200,200,200,200,200,200,200,200,200,255,255,255,255,255,255,255,255,255,255,255,200,200,200,200,200,200,200,200,200},
            {200,200,200,200,200,200,200,200,200,255,255,255,255,255,255,255,255,255,255,255,200,200,200,200,200,200,200,200,200,200,200,200,200,200,200,200,200,200,200,200,200,200,200,200,200,200,200,200,200,200},
            {200,200,200,200,200,200,200,200,200,255,255,255,255,255,255,255,255,255,255,255,200,200,200,200,200,200,200,200,200,200,200,200,200,200,200,200,200,200,200,200,200,200,200,200,200,200,200,200,200,200},
            {200,200,200,200,200,200,200,200,200,255,255,255,255,255,255,255,255,255,255,255,200,200,200,200,200,200,200,200,200,200,200,200,200,200,200,200,200,200,200,200,200,200,200,200,200,200,200,200,200,200},
            {200,200,200,200,200,200,200,200,200,255,255,255,255,255,255,255,255,255,255,255,200,200,200,200,200,200,200,200,200,200,200,200,200,200,200,200,200,200,200,200,200,200,200,200,200,200,200,200,200,200},
            {200,200,200,200,200,200,200,200,200,255,255,255,255,255,0,0,0,0,0,0,0,0,0,0,0,0,0,0,0,0,0,0,0,0,0,0,0,0,0,0,200,200,200,200,200,200,200,200,200,200},
            {200,200,200,200,200,200,200,200,200,255,255,255,255,255,0,0,0,0,0,0,0,0,0,0,0,0,0,0,0,0,0,0,0,0,0,0,0,0,0,0,200,200,200,200,200,200,200,200,200,200},
            {200,200,200,200,200,200,200,200,200,255,255,255,255,255,0,0,0,0,0,0,0,0,0,0,0,0,0,0,0,0,0,0,0,0,0,0,0,0,0,0,200,200,200,200,200,200,200,200,200,200},
            {200,200,200,200,200,200,200,200,200,255,255,255,255,255,0,0,0,0,0,0,0,0,0,0,0,0,0,0,0,0,0,0,0,0,0,0,0,0,0,0,200,200,200,200,200,200,200,200,200,200},
            {200,200,200,200,200,200,200,200,200,255,255,255,255,255,0,0,0,0,0,0,0,0,0,0,0,0,0,0,0,0,0,0,0,0,0,0,0,0,0,0,200,200,200,200,200,200,200,200,200,200},
            {200,200,200,200,200,200,200,200,200,255,255,255,255,255,0,0,0,0,0,0,0,0,0,0,0,0,0,0,0,0,0,0,0,0,0,0,0,0,0,0,200,200,200,200,200,200,200,200,200,200},
            {200,200,200,200,200,200,200,200,200,200,200,200,200,200,0,0,0,0,0,0,0,0,0,0,0,0,0,0,0,0,0,0,0,0,0,0,0,0,0,0,200,200,200,200,200,200,200,200,200,200},
            {200,200,200,200,200,200,200,200,200,200,200,200,200,200,0,0,0,0,0,0,0,0,0,0,0,0,0,0,0,0,0,0,0,0,0,0,0,0,0,0,200,200,200,200,200,200,200,200,200,200},
            {200,200,200,200,200,200,200,200,200,200,200,200,200,200,0,0,0,0,0,0,0,0,0,0,0,0,0,0,0,0,0,0,0,0,0,0,0,0,0,0,200,200,200,200,200,200,200,200,200,200},
            {200,200,200,200,200,200,200,200,200,200,200,200,200,200,0,0,0,0,0,0,0,0,0,0,0,0,0,0,0,0,0,0,0,0,0,0,0,0,0,0,200,200,200,200,200,200,200,200,200,200},
            {200,200,200,200,200,200,200,200,200,200,200,200,200,200,0,0,0,0,0,0,0,0,0,0,0,0,0,0,0,0,0,0,0,0,0,0,0,0,0,0,200,200,200,200,200,200,200,200,200,200},
            {200,200,200,200,200,200,200,200,200,200,200,200,200,200,200,200,200,200,200,200,200,200,200,200,200,200,200,200,200,0,0,0,0,0,0,0,0,0,0,0,200,200,200,200,200,200,200,200,200,200},
            {200,200,200,200,200,200,200,200,200,200,200,200,200,200,200,200,200,200,200,200,200,200,200,200,200,200,200,200,200,0,0,0,0,0,0,0,0,0,0,0,200,200,200,200,200,200,200,200,200,200},
            {200,200,200,200,200,200,200,200,200,200,200,200,200,200,200,200,200,200,200,200,200,200,200,200,200,200,200,200,200,0,0,0,0,0,0,0,0,0,0,0,200,200,200,200,200,200,200,200,200,200},
            {200,200,200,200,200,200,200,200,200,200,200,200,200,200,200,200,200,200,200,200,200,200,200,200,200,200,200,200,200,0,0,0,0,0,0,0,0,0,0,0,200,200,200,200,200,200,200,200,200,200},
            {200,200,200,200,200,200,200,200,200,200,200,200,200,200,200,200,200,200,200,200,200,200,200,200,200,200,200,200,200,0,0,0,0,0,0,0,0,0,0,0,200,200,200,200,200,200,200,200,200,200},
            {200,200,200,200,200,200,200,200,200,200,200,255,255,255,255,255,255,255,255,255,255,200,200,200,200,200,200,200,200,0,0,0,0,0,0,0,0,0,0,0,200,200,200,200,200,200,200,200,200,200},
            {200,200,200,200,200,200,200,200,200,200,200,255,255,255,255,255,255,255,255,255,255,200,200,200,200,200,200,200,200,0,0,0,0,0,0,0,0,0,0,0,200,200,200,200,200,200,200,200,200,200},
            {200,200,200,200,200,200,200,200,200,200,200,255,255,255,255,255,255,255,255,255,255,200,200,200,200,200,200,200,200,0,0,0,0,0,0,0,0,0,0,0,200,200,200,200,200,200,200,200,200,200},
            {200,200,200,200,200,200,200,200,200,200,200,255,255,255,255,255,255,255,255,255,255,200,200,200,200,200,200,200,200,0,0,0,0,0,0,0,0,0,0,0,200,200,200,200,200,200,200,200,200,200},
            {200,200,200,200,200,200,200,200,200,200,200,255,255,255,255,255,255,255,255,255,255,200,200,200,200,200,200,200,200,0,0,0,0,0,0,0,0,0,0,0,200,200,200,200,200,200,200,200,200,200},
            {200,200,200,200,200,200,200,200,200,200,200,255,255,255,255,255,255,255,255,255,255,200,200,200,200,200,200,200,200,0,0,0,0,0,0,0,0,0,0,0,200,200,200,200,200,200,200,200,200,200},
            {200,200,200,200,200,200,200,200,200,200,200,255,255,255,255,255,255,255,255,255,255,200,200,200,200,200,200,200,200,0,0,0,0,0,0,0,0,0,0,0,200,200,200,200,200,200,200,200,200,200},
            {200,200,200,200,200,200,200,200,200,200,200,255,255,255,255,255,255,255,255,255,255,200,200,200,200,200,200,200,200,0,0,0,0,0,0,0,0,0,0,0,200,200,200,200,200,200,200,200,200,200},
            {200,200,200,200,200,200,200,200,200,200,200,255,255,255,255,255,255,255,255,255,255,200,200,200,200,200,200,200,200,0,0,0,0,0,0,0,0,0,0,0,200,200,200,200,200,200,200,200,200,200},
            {200,200,200,200,200,200,200,200,200,200,200,255,255,255,255,255,255,255,255,255,255,200,200,200,200,200,200,200,200,0,0,0,0,0,0,0,0,0,0,0,200,200,200,200,200,200,200,200,200,200},
            {200,200,200,200,200,200,200,200,200,200,200,255,255,255,255,255,255,255,255,255,255,200,200,200,200,200,200,200,200,200,200,200,200,200,200,200,200,200,200,200,200,200,200,200,200,200,200,200,200,200},
            {200,200,200,200,200,200,200,200,200,200,200,200,200,200,200,200,200,200,200,200,200,200,200,200,200,200,200,200,200,200,200,200,200,200,200,200,200,200,200,200,200,200,200,200,200,200,200,200,200,200},
            {200,200,200,200,200,200,200,200,200,200,200,200,200,200,200,200,200,200,200,200,200,200,200,200,200,200,200,200,200,200,200,200,200,200,200,200,200,200,200,200,200,200,200,200,200,200,200,200,200,200},
            {200,200,200,200,200,200,200,200,200,200,200,200,200,200,200,200,200,200,200,200,200,200,200,200,200,200,200,200,200,200,200,200,200,200,200,200,200,200,200,200,200,200,200,200,200,200,200,200,200,200},
            {200,200,200,200,200,200,200,200,200,200,200,200,200,200,200,200,200,200,200,200,200,200,200,200,200,200,200,200,200,200,200,200,200,200,200,200,200,200,200,200,200,200,200,200,200,200,200,200,200,200},
            {200,200,200,200,200,200,200,200,200,200,200,200,200,200,200,200,200,200,200,200,200,200,200,200,200,200,200,200,200,200,200,200,200,200,200,200,200,200,200,200,200,200,200,200,200,200,200,200,200,200},
            {200,200,200,200,200,200,200,200,200,200,200,200,200,200,200,200,200,200,200,200,200,200,200,200,200,200,200,200,200,200,200,200,200,200,200,200,200,200,200,200,200,200,200,200,200,200,200,200,200,200},
            {200,200,200,200,200,200,200,200,200,200,200,200,200,200,200,200,200,200,200,200,200,200,200,200,200,200,200,200,200,200,200,200,200,200,200,200,200,200,200,200,200,200,200,200,200,200,200,200,200,200},
            {200,200,200,200,200,200,200,200,200,200,200,200,200,200,200,200,200,200,200,200,200,200,200,200,200,200,200,200,200,200,200,200,200,200,200,200,200,200,200,200,200,200,200,200,200,200,200,200,200,200},
            {200,200,200,200,200,200,200,200,200,200,200,200,200,200,200,200,200,200,200,200,200,200,200,200,200,200,200,200,200,200,200,200,200,200,200,200,200,200,200,200,200,200,200,200,200,200,200,200,200,200}};
            int[,] g = new int [50,50]{{96,96,96,96,96,96,96,96,96,96,96,96,96,96,96,96,96,96,96,96,96,96,96,96,96,96,96,96,96,96,96,96,96,96,96,96,96,96,96,96,96,96,96,96,96,96,96,96,96,96},
            {96,96,96,96,96,96,96,96,96,96,96,96,96,96,96,96,96,96,96,96,96,96,96,96,96,96,96,96,96,96,96,96,96,96,96,96,96,96,96,96,96,96,96,96,96,96,96,96,96,96},
            {96,96,96,96,96,96,96,96,96,96,96,96,96,96,96,96,96,96,96,96,96,96,96,96,96,96,96,96,96,96,96,96,96,96,96,96,96,96,96,96,96,96,96,96,96,96,96,96,96,96},
            {96,96,96,96,96,96,96,96,96,96,96,96,96,96,96,96,96,96,96,96,96,96,96,96,96,96,96,96,96,96,96,96,96,96,96,96,96,96,96,96,96,96,96,96,96,96,96,96,96,96},
            {96,96,96,96,96,96,96,96,96,96,96,96,96,96,96,96,96,96,96,96,96,96,96,96,96,96,96,96,96,96,96,96,96,96,96,96,96,96,96,96,96,96,96,96,96,96,96,96,96,96},
            {96,96,96,96,96,96,96,96,96,96,96,96,96,96,96,96,96,96,96,96,96,96,96,96,96,96,96,96,96,96,96,96,96,96,96,96,96,96,96,96,96,96,96,96,96,96,96,96,96,96},
            {96,96,96,96,96,96,96,96,96,96,96,96,96,96,96,96,96,96,96,96,96,96,96,96,96,96,96,96,96,96,96,96,96,96,96,96,96,96,96,96,96,96,96,96,96,96,96,96,96,96},
            {96,96,96,96,96,96,96,96,96,96,96,96,96,96,96,96,96,96,96,96,96,96,96,96,96,96,96,96,96,96,0,0,0,0,0,0,0,0,0,0,0,96,96,96,96,96,96,96,96,96},
            {96,96,96,96,96,96,96,96,96,96,96,96,96,96,96,96,96,96,96,96,96,96,96,96,96,96,96,96,96,96,0,0,0,0,0,0,0,0,0,0,0,96,96,96,96,96,96,96,96,96},
            {96,96,96,96,96,96,96,96,96,0,0,0,0,0,0,0,0,0,0,0,96,96,96,96,96,96,96,96,96,96,0,0,0,0,0,0,0,0,0,0,0,96,96,96,96,96,96,96,96,96},
            {96,96,96,96,96,96,96,96,96,0,0,0,0,0,0,0,0,0,0,0,96,96,96,96,96,96,96,96,96,96,96,96,96,96,96,96,96,96,96,96,96,96,96,96,96,96,96,96,96,96},
            {96,96,96,96,96,96,96,96,96,0,0,0,0,0,0,0,0,0,0,0,96,96,96,96,96,96,96,96,96,96,96,96,96,96,96,96,96,96,96,96,96,96,96,96,96,96,96,96,96,96},
            {96,96,96,96,96,96,96,96,96,0,0,0,0,0,0,0,0,0,0,0,96,96,96,96,96,96,96,96,96,96,96,96,96,96,96,96,96,96,96,96,96,96,96,96,96,96,96,96,96,96},
            {96,96,96,96,96,96,96,96,96,0,0,0,0,0,0,0,0,0,0,0,96,96,96,96,96,96,96,96,96,96,96,96,96,96,96,96,96,96,96,96,96,96,96,96,96,96,96,96,96,96},
            {96,96,96,96,96,96,96,96,96,0,0,0,0,0,255,255,255,255,255,255,255,255,255,255,255,255,255,255,255,255,255,255,255,255,255,255,255,255,255,255,96,96,96,96,96,96,96,96,96,96},
            {96,96,96,96,96,96,96,96,96,0,0,0,0,0,255,255,255,255,255,255,255,255,255,255,255,255,255,255,255,255,255,255,255,255,255,255,255,255,255,255,96,96,96,96,96,96,96,96,96,96},
            {96,96,96,96,96,96,96,96,96,0,0,0,0,0,255,255,255,255,255,255,255,255,255,255,255,255,255,255,255,255,255,255,255,255,255,255,255,255,255,255,96,96,96,96,96,96,96,96,96,96},
            {96,96,96,96,96,96,96,96,96,0,0,0,0,0,255,255,255,255,255,255,255,255,255,255,255,255,255,255,255,255,255,255,255,255,255,255,255,255,255,255,96,96,96,96,96,96,96,96,96,96},
            {96,96,96,96,96,96,96,96,96,0,0,0,0,0,255,255,255,255,255,255,255,255,255,255,255,255,255,255,255,255,255,255,255,255,255,255,255,255,255,255,96,96,96,96,96,96,96,96,96,96},
            {96,96,96,96,96,96,96,96,96,0,0,0,0,0,255,255,255,255,255,255,255,255,255,255,255,255,255,255,255,0,0,0,0,0,0,0,0,0,0,0,96,96,96,96,96,96,96,96,96,96},
            {96,96,96,96,96,96,96,96,96,96,96,96,96,96,255,255,255,255,255,255,255,255,255,255,255,255,255,255,255,0,0,0,0,0,0,0,0,0,0,0,96,96,96,96,96,96,96,96,96,96},
            {96,96,96,96,96,96,96,96,96,96,96,96,96,96,255,255,255,255,255,255,255,255,255,255,255,255,255,255,255,0,0,0,0,0,0,0,0,0,0,0,96,96,96,96,96,96,96,96,96,96},
            {96,96,96,96,96,96,96,96,96,96,96,96,96,96,255,255,255,255,255,255,255,255,255,255,255,255,255,255,255,0,0,0,0,0,0,0,0,0,0,0,96,96,96,96,96,96,96,96,96,96},
            {96,96,96,96,96,96,96,96,96,96,96,96,96,96,255,255,255,255,255,255,255,255,255,255,255,255,255,255,255,0,0,0,0,0,0,0,0,0,0,0,96,96,96,96,96,96,96,96,96,96},
            {96,96,96,96,96,96,96,96,96,96,96,96,96,96,255,255,255,255,255,255,255,255,255,255,255,255,255,255,255,0,0,0,0,0,0,0,0,0,0,0,96,96,96,96,96,96,96,96,96,96},
            {96,96,96,96,96,96,96,96,96,96,96,96,96,96,96,96,96,96,96,96,96,96,96,96,96,96,96,96,96,0,0,0,0,0,0,0,0,0,0,0,96,96,96,96,96,96,96,96,96,96},
            {96,96,96,96,96,96,96,96,96,96,96,96,96,96,96,96,96,96,96,96,96,96,96,96,96,96,96,96,96,0,0,0,0,0,0,0,0,0,0,0,96,96,96,96,96,96,96,96,96,96},
            {96,96,96,96,96,96,96,96,96,96,96,96,96,96,96,96,96,96,96,96,96,96,96,96,96,96,96,96,96,0,0,0,0,0,0,0,0,0,0,0,96,96,96,96,96,96,96,96,96,96},
            {96,96,96,96,96,96,96,96,96,96,96,96,96,96,96,96,96,96,96,96,96,96,96,96,96,96,96,96,96,0,0,0,0,0,0,0,0,0,0,0,96,96,96,96,96,96,96,96,96,96},
            {96,96,96,96,96,96,96,96,96,96,96,96,96,96,96,96,96,96,96,96,96,96,96,96,96,96,96,96,96,0,0,0,0,0,0,0,0,0,0,0,96,96,96,96,96,96,96,96,96,96},
            {96,96,96,96,96,96,96,96,96,96,96,255,255,255,255,255,255,255,255,255,255,96,96,96,96,96,96,96,96,0,0,0,0,0,0,0,0,0,0,0,96,96,96,96,96,96,96,96,96,96},
            {96,96,96,96,96,96,96,96,96,96,96,255,255,255,255,255,255,255,255,255,255,96,96,96,96,96,96,96,96,0,0,0,0,0,0,0,0,0,0,0,96,96,96,96,96,96,96,96,96,96},
            {96,96,96,96,96,96,96,96,96,96,96,255,255,255,255,255,255,255,255,255,255,96,96,96,96,96,96,96,96,0,0,0,0,0,0,0,0,0,0,0,96,96,96,96,96,96,96,96,96,96},
            {96,96,96,96,96,96,96,96,96,96,96,255,255,255,255,255,255,255,255,255,255,96,96,96,96,96,96,96,96,0,0,0,0,0,0,0,0,0,0,0,96,96,96,96,96,96,96,96,96,96},
            {96,96,96,96,96,96,96,96,96,96,96,255,255,255,255,255,255,255,255,255,255,96,96,96,96,96,96,96,96,0,0,0,0,0,0,0,0,0,0,0,96,96,96,96,96,96,96,96,96,96},
            {96,96,96,96,96,96,96,96,96,96,96,255,255,255,255,255,255,255,255,255,255,96,96,96,96,96,96,96,96,0,0,0,0,0,0,0,0,0,0,0,96,96,96,96,96,96,96,96,96,96},
            {96,96,96,96,96,96,96,96,96,96,96,255,255,255,255,255,255,255,255,255,255,96,96,96,96,96,96,96,96,0,0,0,0,0,0,0,0,0,0,0,96,96,96,96,96,96,96,96,96,96},
            {96,96,96,96,96,96,96,96,96,96,96,255,255,255,255,255,255,255,255,255,255,96,96,96,96,96,96,96,96,0,0,0,0,0,0,0,0,0,0,0,96,96,96,96,96,96,96,96,96,96},
            {96,96,96,96,96,96,96,96,96,96,96,255,255,255,255,255,255,255,255,255,255,96,96,96,96,96,96,96,96,0,0,0,0,0,0,0,0,0,0,0,96,96,96,96,96,96,96,96,96,96},
            {96,96,96,96,96,96,96,96,96,96,96,255,255,255,255,255,255,255,255,255,255,96,96,96,96,96,96,96,96,0,0,0,0,0,0,0,0,0,0,0,96,96,96,96,96,96,96,96,96,96},
            {96,96,96,96,96,96,96,96,96,96,96,255,255,255,255,255,255,255,255,255,255,96,96,96,96,96,96,96,96,96,96,96,96,96,96,96,96,96,96,96,96,96,96,96,96,96,96,96,96,96},
            {96,96,96,96,96,96,96,96,96,96,96,96,96,96,96,96,96,96,96,96,96,96,96,96,96,96,96,96,96,96,96,96,96,96,96,96,96,96,96,96,96,96,96,96,96,96,96,96,96,96},
            {96,96,96,96,96,96,96,96,96,96,96,96,96,96,96,96,96,96,96,96,96,96,96,96,96,96,96,96,96,96,96,96,96,96,96,96,96,96,96,96,96,96,96,96,96,96,96,96,96,96},
            {96,96,96,96,96,96,96,96,96,96,96,96,96,96,96,96,96,96,96,96,96,96,96,96,96,96,96,96,96,96,96,96,96,96,96,96,96,96,96,96,96,96,96,96,96,96,96,96,96,96},
            {96,96,96,96,96,96,96,96,96,96,96,96,96,96,96,96,96,96,96,96,96,96,96,96,96,96,96,96,96,96,96,96,96,96,96,96,96,96,96,96,96,96,96,96,96,96,96,96,96,96},
            {96,96,96,96,96,96,96,96,96,96,96,96,96,96,96,96,96,96,96,96,96,96,96,96,96,96,96,96,96,96,96,96,96,96,96,96,96,96,96,96,96,96,96,96,96,96,96,96,96,96},
            {96,96,96,96,96,96,96,96,96,96,96,96,96,96,96,96,96,96,96,96,96,96,96,96,96,96,96,96,96,96,96,96,96,96,96,96,96,96,96,96,96,96,96,96,96,96,96,96,96,96},
            {96,96,96,96,96,96,96,96,96,96,96,96,96,96,96,96,96,96,96,96,96,96,96,96,96,96,96,96,96,96,96,96,96,96,96,96,96,96,96,96,96,96,96,96,96,96,96,96,96,96},
            {96,96,96,96,96,96,96,96,96,96,96,96,96,96,96,96,96,96,96,96,96,96,96,96,96,96,96,96,96,96,96,96,96,96,96,96,96,96,96,96,96,96,96,96,96,96,96,96,96,96},
            {96,96,96,96,96,96,96,96,96,96,96,96,96,96,96,96,96,96,96,96,96,96,96,96,96,96,96,96,96,96,96,96,96,96,96,96,96,96,96,96,96,96,96,96,96,96,96,96,96,96}};
            int[,] b = new int [50,50]{{64,64,64,64,64,64,64,64,64,64,64,64,64,64,64,64,64,64,64,64,64,64,64,64,64,64,64,64,64,64,64,64,64,64,64,64,64,64,64,64,64,64,64,64,64,64,64,64,64,64},
            {64,64,64,64,64,64,64,64,64,64,64,64,64,64,64,64,64,64,64,64,64,64,64,64,64,64,64,64,64,64,64,64,64,64,64,64,64,64,64,64,64,64,64,64,64,64,64,64,64,64},
            {64,64,64,64,64,64,64,64,64,64,64,64,64,64,64,64,64,64,64,64,64,64,64,64,64,64,64,64,64,64,64,64,64,64,64,64,64,64,64,64,64,64,64,64,64,64,64,64,64,64},
            {64,64,64,64,64,64,64,64,64,64,64,64,64,64,64,64,64,64,64,64,64,64,64,64,64,64,64,64,64,64,64,64,64,64,64,64,64,64,64,64,64,64,64,64,64,64,64,64,64,64},
            {64,64,64,64,64,64,64,64,64,64,64,64,64,64,64,64,64,64,64,64,64,64,64,64,64,64,64,64,64,64,64,64,64,64,64,64,64,64,64,64,64,64,64,64,64,64,64,64,64,64},
            {64,64,64,64,64,64,64,64,64,64,64,64,64,64,64,64,64,64,64,64,64,64,64,64,64,64,64,64,64,64,64,64,64,64,64,64,64,64,64,64,64,64,64,64,64,64,64,64,64,64},
            {64,64,64,64,64,64,64,64,64,64,64,64,64,64,64,64,64,64,64,64,64,64,64,64,64,64,64,64,64,64,64,64,64,64,64,64,64,64,64,64,64,64,64,64,64,64,64,64,64,64},
            {64,64,64,64,64,64,64,64,64,64,64,64,64,64,64,64,64,64,64,64,64,64,64,64,64,64,64,64,64,64,255,255,255,255,255,255,255,255,255,255,255,64,64,64,64,64,64,64,64,64},
            {64,64,64,64,64,64,64,64,64,64,64,64,64,64,64,64,64,64,64,64,64,64,64,64,64,64,64,64,64,64,255,255,255,255,255,255,255,255,255,255,255,64,64,64,64,64,64,64,64,64},
            {64,64,64,64,64,64,64,64,64,0,0,0,0,0,0,0,0,0,0,0,64,64,64,64,64,64,64,64,64,64,255,255,255,255,255,255,255,255,255,255,255,64,64,64,64,64,64,64,64,64},
            {64,64,64,64,64,64,64,64,64,0,0,0,0,0,0,0,0,0,0,0,64,64,64,64,64,64,64,64,64,64,64,64,64,64,64,64,64,64,64,64,64,64,64,64,64,64,64,64,64,64},
            {64,64,64,64,64,64,64,64,64,0,0,0,0,0,0,0,0,0,0,0,64,64,64,64,64,64,64,64,64,64,64,64,64,64,64,64,64,64,64,64,64,64,64,64,64,64,64,64,64,64},
            {64,64,64,64,64,64,64,64,64,0,0,0,0,0,0,0,0,0,0,0,64,64,64,64,64,64,64,64,64,64,64,64,64,64,64,64,64,64,64,64,64,64,64,64,64,64,64,64,64,64},
            {64,64,64,64,64,64,64,64,64,0,0,0,0,0,0,0,0,0,0,0,64,64,64,64,64,64,64,64,64,64,64,64,64,64,64,64,64,64,64,64,64,64,64,64,64,64,64,64,64,64},
            {64,64,64,64,64,64,64,64,64,0,0,0,0,0,0,0,0,0,0,0,0,0,0,0,0,0,0,0,0,0,0,0,0,0,0,0,0,0,0,0,64,64,64,64,64,64,64,64,64,64},
            {64,64,64,64,64,64,64,64,64,0,0,0,0,0,0,0,0,0,0,0,0,0,0,0,0,0,0,0,0,0,0,0,0,0,0,0,0,0,0,0,64,64,64,64,64,64,64,64,64,64},
            {64,64,64,64,64,64,64,64,64,0,0,0,0,0,0,0,0,0,0,0,0,0,0,0,0,0,0,0,0,0,0,0,0,0,0,0,0,0,0,0,64,64,64,64,64,64,64,64,64,64},
            {64,64,64,64,64,64,64,64,64,0,0,0,0,0,0,0,0,0,0,0,0,0,0,0,0,0,0,0,0,0,0,0,0,0,0,0,0,0,0,0,64,64,64,64,64,64,64,64,64,64},
            {64,64,64,64,64,64,64,64,64,0,0,0,0,0,0,0,0,0,0,0,0,0,0,0,0,0,0,0,0,0,0,0,0,0,0,0,0,0,0,0,64,64,64,64,64,64,64,64,64,64},
            {64,64,64,64,64,64,64,64,64,0,0,0,0,0,0,0,0,0,0,0,0,0,0,0,0,0,0,0,0,255,255,255,255,255,255,255,255,255,255,255,64,64,64,64,64,64,64,64,64,64},
            {64,64,64,64,64,64,64,64,64,64,64,64,64,64,0,0,0,0,0,0,0,0,0,0,0,0,0,0,0,255,255,255,255,255,255,255,255,255,255,255,64,64,64,64,64,64,64,64,64,64},
            {64,64,64,64,64,64,64,64,64,64,64,64,64,64,0,0,0,0,0,0,0,0,0,0,0,0,0,0,0,255,255,255,255,255,255,255,255,255,255,255,64,64,64,64,64,64,64,64,64,64},
            {64,64,64,64,64,64,64,64,64,64,64,64,64,64,0,0,0,0,0,0,0,0,0,0,0,0,0,0,0,255,255,255,255,255,255,255,255,255,255,255,64,64,64,64,64,64,64,64,64,64},
            {64,64,64,64,64,64,64,64,64,64,64,64,64,64,0,0,0,0,0,0,0,0,0,0,0,0,0,0,0,255,255,255,255,255,255,255,255,255,255,255,64,64,64,64,64,64,64,64,64,64},
            {64,64,64,64,64,64,64,64,64,64,64,64,64,64,0,0,0,0,0,0,0,0,0,0,0,0,0,0,0,255,255,255,255,255,255,255,255,255,255,255,64,64,64,64,64,64,64,64,64,64},
            {64,64,64,64,64,64,64,64,64,64,64,64,64,64,64,64,64,64,64,64,64,64,64,64,64,64,64,64,64,255,255,255,255,255,255,255,255,255,255,255,64,64,64,64,64,64,64,64,64,64},
            {64,64,64,64,64,64,64,64,64,64,64,64,64,64,64,64,64,64,64,64,64,64,64,64,64,64,64,64,64,255,255,255,255,255,255,255,255,255,255,255,64,64,64,64,64,64,64,64,64,64},
            {64,64,64,64,64,64,64,64,64,64,64,64,64,64,64,64,64,64,64,64,64,64,64,64,64,64,64,64,64,255,255,255,255,255,255,255,255,255,255,255,64,64,64,64,64,64,64,64,64,64},
            {64,64,64,64,64,64,64,64,64,64,64,64,64,64,64,64,64,64,64,64,64,64,64,64,64,64,64,64,64,255,255,255,255,255,255,255,255,255,255,255,64,64,64,64,64,64,64,64,64,64},
            {64,64,64,64,64,64,64,64,64,64,64,64,64,64,64,64,64,64,64,64,64,64,64,64,64,64,64,64,64,255,255,255,255,255,255,255,255,255,255,255,64,64,64,64,64,64,64,64,64,64},
            {64,64,64,64,64,64,64,64,64,64,64,0,0,0,0,0,0,0,0,0,0,64,64,64,64,64,64,64,64,255,255,255,255,255,255,255,255,255,255,255,64,64,64,64,64,64,64,64,64,64},
            {64,64,64,64,64,64,64,64,64,64,64,0,0,0,0,0,0,0,0,0,0,64,64,64,64,64,64,64,64,255,255,255,255,255,255,255,255,255,255,255,64,64,64,64,64,64,64,64,64,64},
            {64,64,64,64,64,64,64,64,64,64,64,0,0,0,0,0,0,0,0,0,0,64,64,64,64,64,64,64,64,255,255,255,255,255,255,255,255,255,255,255,64,64,64,64,64,64,64,64,64,64},
            {64,64,64,64,64,64,64,64,64,64,64,0,0,0,0,0,0,0,0,0,0,64,64,64,64,64,64,64,64,255,255,255,255,255,255,255,255,255,255,255,64,64,64,64,64,64,64,64,64,64},
            {64,64,64,64,64,64,64,64,64,64,64,0,0,0,0,0,0,0,0,0,0,64,64,64,64,64,64,64,64,255,255,255,255,255,255,255,255,255,255,255,64,64,64,64,64,64,64,64,64,64},
            {64,64,64,64,64,64,64,64,64,64,64,0,0,0,0,0,0,0,0,0,0,64,64,64,64,64,64,64,64,255,255,255,255,255,255,255,255,255,255,255,64,64,64,64,64,64,64,64,64,64},
            {64,64,64,64,64,64,64,64,64,64,64,0,0,0,0,0,0,0,0,0,0,64,64,64,64,64,64,64,64,255,255,255,255,255,255,255,255,255,255,255,64,64,64,64,64,64,64,64,64,64},
            {64,64,64,64,64,64,64,64,64,64,64,0,0,0,0,0,0,0,0,0,0,64,64,64,64,64,64,64,64,255,255,255,255,255,255,255,255,255,255,255,64,64,64,64,64,64,64,64,64,64},
            {64,64,64,64,64,64,64,64,64,64,64,0,0,0,0,0,0,0,0,0,0,64,64,64,64,64,64,64,64,255,255,255,255,255,255,255,255,255,255,255,64,64,64,64,64,64,64,64,64,64},
            {64,64,64,64,64,64,64,64,64,64,64,0,0,0,0,0,0,0,0,0,0,64,64,64,64,64,64,64,64,255,255,255,255,255,255,255,255,255,255,255,64,64,64,64,64,64,64,64,64,64},
            {64,64,64,64,64,64,64,64,64,64,64,0,0,0,0,0,0,0,0,0,0,64,64,64,64,64,64,64,64,64,64,64,64,64,64,64,64,64,64,64,64,64,64,64,64,64,64,64,64,64},
            {64,64,64,64,64,64,64,64,64,64,64,64,64,64,64,64,64,64,64,64,64,64,64,64,64,64,64,64,64,64,64,64,64,64,64,64,64,64,64,64,64,64,64,64,64,64,64,64,64,64},
            {64,64,64,64,64,64,64,64,64,64,64,64,64,64,64,64,64,64,64,64,64,64,64,64,64,64,64,64,64,64,64,64,64,64,64,64,64,64,64,64,64,64,64,64,64,64,64,64,64,64},
            {64,64,64,64,64,64,64,64,64,64,64,64,64,64,64,64,64,64,64,64,64,64,64,64,64,64,64,64,64,64,64,64,64,64,64,64,64,64,64,64,64,64,64,64,64,64,64,64,64,64},
            {64,64,64,64,64,64,64,64,64,64,64,64,64,64,64,64,64,64,64,64,64,64,64,64,64,64,64,64,64,64,64,64,64,64,64,64,64,64,64,64,64,64,64,64,64,64,64,64,64,64},
            {64,64,64,64,64,64,64,64,64,64,64,64,64,64,64,64,64,64,64,64,64,64,64,64,64,64,64,64,64,64,64,64,64,64,64,64,64,64,64,64,64,64,64,64,64,64,64,64,64,64},
            {64,64,64,64,64,64,64,64,64,64,64,64,64,64,64,64,64,64,64,64,64,64,64,64,64,64,64,64,64,64,64,64,64,64,64,64,64,64,64,64,64,64,64,64,64,64,64,64,64,64},
            {64,64,64,64,64,64,64,64,64,64,64,64,64,64,64,64,64,64,64,64,64,64,64,64,64,64,64,64,64,64,64,64,64,64,64,64,64,64,64,64,64,64,64,64,64,64,64,64,64,64},
            {64,64,64,64,64,64,64,64,64,64,64,64,64,64,64,64,64,64,64,64,64,64,64,64,64,64,64,64,64,64,64,64,64,64,64,64,64,64,64,64,64,64,64,64,64,64,64,64,64,64},
            {64,64,64,64,64,64,64,64,64,64,64,64,64,64,64,64,64,64,64,64,64,64,64,64,64,64,64,64,64,64,64,64,64,64,64,64,64,64,64,64,64,64,64,64,64,64,64,64,64,64}};
            int i,j,red,green,blue;
            Console.Write("Kerem a keresett pont rgb kodjabol a voroset: ");
            red = Convert.ToInt16(Console.ReadLine());
            Console.Write("Kerem a keresett pont rgb kodjabol a zoldet: ");
            green = Convert.ToInt16(Console.ReadLine());
            Console.Write("Kerem a keresett pont rgb kodjabol a keket: ");
            blue = Convert.ToInt16(Console.ReadLine());
            bool vanelem=false;
            i = 0;
            while (i <= 49 && !vanelem) {
                j=0;
                while (j<=49 && !(r[i,j]==red && g[i,j]==green && b[i,j]==blue))
                    j++;
                if (j<=49) vanelem = true;
                else i++;
            }
            if (vanelem) Console.WriteLine( "Van ilyen szinu pont.");
            else Console.WriteLine( "Nincs ilyen szinu pont.");
            Console.ReadLine();
        }
    }
}
