using System;
using System.Collections.Generic;
using System.Linq;
using System.Text;
using System.Threading.Tasks;

namespace VI_lineariskereses_2
{
    class Program
    {
        static void Main(string[] args)
        {
            int[,] r = new int[50,50]{{200,200,200,200,200,200,200,200,200,200,200,200,200,200,200,200,200,200,200,200,200,200,200,200,200,200,200,200,200,200,200,200,200,200,200,200,200,200,200,200,200,200,200,200,200,200,200,200,200,200},
            {200,200,200,200,200,200,200,200,200,200,200,200,200,200,200,200,200,200,200,200,200,200,200,200,200,200,200,200,200,200,200,200,200,200,200,200,200,200,200,200,200,200,200,200,200,200,200,200,200,200},
            {200,200,200,200,200,200,200,200,200,200,200,200,200,200,200,200,200,200,200,200,200,200,200,200,200,200,200,200,200,200,200,200,200,200,200,200,200,200,200,200,200,200,200,200,200,200,200,200,200,200},
            {200,200,200,200,200,200,200,200,200,200,200,200,200,200,200,200,200,200,200,200,200,200,200,200,200,200,200,200,200,200,200,200,200,200,200,200,200,200,200,200,200,200,200,200,200,200,200,200,200,200},
            {200,200,200,200,200,200,200,200,200,200,200,200,200,200,200,200,200,200,200,200,200,200,200,200,200,200,200,200,200,200,200,200,200,200,200,200,200,200,200,200,200,200,200,200,200,200,200,200,200,200},
            {200,200,200,200,200,200,200,200,200,200,200,200,200,200,200,200,200,200,200,200,200,200,200,200,200,200,200,200,200,200,200,200,200,200,200,200,200,200,200,200,200,200,200,200,200,200,200,200,200,200},
            {200,200,200,200,200,200,200,200,200,200,200,200,200,200,200,200,200,200,200,200,200,200,200,200,200,200,200,200,200,200,200,200,200,200,200,200,200,200,200,200,200,200,200,200,200,200,200,200,200,200},
            {200,200,200,200,200,200,200,200,200,200,200,200,200,200,200,200,200,200,200,200,200,200,200,200,200,200,200,200,200,200,255,255,255,255,255,255,255,255,255,255,255,200,200,200,200,200,200,200,200,200},
            {200,200,200,200,200,200,200,200,200,200,200,200,200,200,200,200,200,200,200,200,200,200,200,200,200,200,200,200,200,200,255,255,255,255,255,255,255,255,255,255,255,200,200,200,200,200,200,200,200,200},
            {200,200,200,200,200,200,200,200,200,255,255,255,255,255,255,255,255,255,255,255,200,200,200,200,200,200,200,200,200,200,255,255,255,255,255,255,255,255,255,255,255,200,200,200,200,200,200,200,200,200},
            {200,200,200,200,200,200,200,200,200,255,255,255,255,255,255,255,255,255,255,255,200,200,200,200,200,200,200,200,200,200,200,200,200,200,200,200,200,200,200,200,200,200,200,200,200,200,200,200,200,200},
            {200,200,200,200,200,200,200,200,200,255,255,255,255,255,255,255,255,255,255,255,200,200,200,200,200,200,200,200,200,200,200,200,200,200,200,200,200,200,200,200,200,200,200,200,200,200,200,200,200,200},
            {200,200,200,200,200,200,200,200,200,255,255,255,255,255,255,255,255,255,255,255,200,200,200,200,200,200,200,200,200,200,200,200,200,200,200,200,200,200,200,200,200,200,200,200,200,200,200,200,200,200},
            {200,200,200,200,200,200,200,200,200,255,255,255,255,255,255,255,255,255,255,255,200,200,200,200,200,200,200,200,200,200,200,200,200,200,200,200,200,200,200,200,200,200,200,200,200,200,200,200,200,200},
            {200,200,200,200,200,200,200,200,200,255,255,255,255,255,0,0,0,0,0,0,0,0,0,0,0,0,0,0,0,0,0,0,0,0,0,0,0,0,0,0,200,200,200,200,200,200,200,200,200,200},
            {200,200,200,200,200,200,200,200,200,255,255,255,255,255,0,0,0,0,0,0,0,0,0,0,0,0,0,0,0,0,0,0,0,0,0,0,0,0,0,0,200,200,200,200,200,200,200,200,200,200},
            {200,200,200,200,200,200,200,200,200,255,255,255,255,255,0,0,0,0,0,0,0,0,0,0,0,0,0,0,0,0,0,0,0,0,0,0,0,0,0,0,200,200,200,200,200,200,200,200,200,200},
            {200,200,200,200,200,200,200,200,200,255,255,255,255,255,0,0,0,0,0,0,0,0,0,0,0,0,0,0,0,0,0,0,0,0,0,0,0,0,0,0,200,200,200,200,200,200,200,200,200,200},
            {200,200,200,200,200,200,200,200,200,255,255,255,255,255,0,0,0,0,0,0,0,0,0,0,0,0,0,0,0,0,0,0,0,0,0,0,0,0,0,0,200,200,200,200,200,200,200,200,200,200},
            {200,200,200,200,200,200,200,200,200,255,255,255,255,255,0,0,0,0,0,0,0,0,0,0,0,0,0,0,0,0,0,0,0,0,0,0,0,0,0,0,200,200,200,200,200,200,200,200,200,200},
            {200,200,200,200,200,200,200,200,200,200,200,200,200,200,0,0,0,0,0,0,0,0,0,0,0,0,0,0,0,0,0,0,0,0,0,0,0,0,0,0,200,200,200,200,200,200,200,200,200,200},
            {200,200,200,200,200,200,200,200,200,200,200,200,200,200,0,0,0,0,0,0,0,0,0,0,0,0,0,0,0,0,0,0,0,0,0,0,0,0,0,0,200,200,200,200,200,200,200,200,200,200},
            {200,200,200,200,200,200,200,200,200,200,200,200,200,200,0,0,0,0,0,0,0,0,0,0,0,0,0,0,0,0,0,0,0,0,0,0,0,0,0,0,200,200,200,200,200,200,200,200,200,200},
            {200,200,200,200,200,200,200,200,200,200,200,200,200,200,0,0,0,0,0,0,0,0,0,0,0,0,0,0,0,0,0,0,0,0,0,0,0,0,0,0,200,200,200,200,200,200,200,200,200,200},
            {200,200,200,200,200,200,200,200,200,200,200,200,200,200,0,0,0,0,0,0,0,0,0,0,0,0,0,0,0,0,0,0,0,0,0,0,0,0,0,0,200,200,200,200,200,200,200,200,200,200},
            {200,200,200,200,200,200,200,200,200,200,200,200,200,200,200,200,200,200,200,200,200,200,200,200,200,200,200,200,200,0,0,0,0,0,0,0,0,0,0,0,200,200,200,200,200,200,200,200,200,200},
            {200,200,200,200,200,200,200,200,200,200,200,200,200,200,200,200,200,200,200,200,200,200,200,200,200,200,200,200,200,0,0,0,0,0,0,0,0,0,0,0,200,200,200,200,200,200,200,200,200,200},
            {200,200,200,200,200,200,200,200,200,200,200,200,200,200,200,200,200,200,200,200,200,200,200,200,200,200,200,200,200,0,0,0,0,0,0,0,0,0,0,0,200,200,200,200,200,200,200,200,200,200},
            {200,200,200,200,200,200,200,200,200,200,200,200,200,200,200,200,200,200,200,200,200,200,200,200,200,200,200,200,200,0,0,0,0,0,0,0,0,0,0,0,200,200,200,200,200,200,200,200,200,200},
            {200,200,200,200,200,200,200,200,200,200,200,200,200,200,200,200,200,200,200,200,200,200,200,200,200,200,200,200,200,0,0,0,0,0,0,0,0,0,0,0,200,200,200,200,200,200,200,200,200,200},
            {200,200,200,200,200,200,200,200,200,200,200,255,255,255,255,255,255,255,255,255,255,200,200,200,200,200,200,200,200,0,0,0,0,0,0,0,0,0,0,0,200,200,200,200,200,200,200,200,200,200},
            {200,200,200,200,200,200,200,200,200,200,200,255,255,255,255,255,255,255,255,255,255,200,200,200,200,200,200,200,200,0,0,0,0,0,0,0,0,0,0,0,200,200,200,200,200,200,200,200,200,200},
            {200,200,200,200,200,200,200,200,200,200,200,255,255,255,255,255,255,255,255,255,255,200,200,200,200,200,200,200,200,0,0,0,0,0,0,0,0,0,0,0,200,200,200,200,200,200,200,200,200,200},
            {200,200,200,200,200,200,200,200,200,200,200,255,255,255,255,255,255,255,255,255,255,200,200,200,200,200,200,200,200,0,0,0,0,0,0,0,0,0,0,0,200,200,200,200,200,200,200,200,200,200},
            {200,200,200,200,200,200,200,200,200,200,200,255,255,255,255,255,255,255,255,255,255,200,200,200,200,200,200,200,200,0,0,0,0,0,0,0,0,0,0,0,200,200,200,200,200,200,200,200,200,200},
            {200,200,200,200,200,200,200,200,200,200,200,255,255,255,255,255,255,255,255,255,255,200,200,200,200,200,200,200,200,0,0,0,0,0,0,0,0,0,0,0,200,200,200,200,200,200,200,200,200,200},
            {200,200,200,200,200,200,200,200,200,200,200,255,255,255,255,255,255,255,255,255,255,200,200,200,200,200,200,200,200,0,0,0,0,0,0,0,0,0,0,0,200,200,200,200,200,200,200,200,200,200},
            {200,200,200,200,200,200,200,200,200,200,200,255,255,255,255,255,255,255,255,255,255,200,200,200,200,200,200,200,200,0,0,0,0,0,0,0,0,0,0,0,200,200,200,200,200,200,200,200,200,200},
            {200,200,200,200,200,200,200,200,200,200,200,255,255,255,255,255,255,255,255,255,255,200,200,200,200,200,200,200,200,0,0,0,0,0,0,0,0,0,0,0,200,200,200,200,200,200,200,200,200,200},
            {200,200,200,200,200,200,200,200,200,200,200,255,255,255,255,255,255,255,255,255,255,200,200,200,200,200,200,200,200,0,0,0,0,0,0,0,0,0,0,0,200,200,200,200,200,200,200,200,200,200},
            {200,200,200,200,200,200,200,200,200,200,200,255,255,255,255,255,255,255,255,255,255,200,200,200,200,200,200,200,200,200,200,200,200,200,200,200,200,200,200,200,200,200,200,200,200,200,200,200,200,200},
            {200,200,200,200,200,200,200,200,200,200,200,200,200,200,200,200,200,200,200,200,200,200,200,200,200,200,200,200,200,200,200,200,200,200,200,200,200,200,200,200,200,200,200,200,200,200,200,200,200,200},
            {200,200,200,200,200,200,200,200,200,200,200,200,200,200,200,200,200,200,200,200,200,200,200,200,200,200,200,200,200,200,200,200,200,200,200,200,200,200,200,200,200,200,200,200,200,200,200,200,200,200},
            {200,200,200,200,200,200,200,200,200,200,200,200,200,200,200,200,200,200,200,200,200,200,200,200,200,200,200,200,200,200,200,200,200,200,200,200,200,200,200,200,200,200,200,200,200,200,200,200,200,200},
            {200,200,200,200,200,200,200,200,200,200,200,200,200,200,200,200,200,200,200,200,200,200,200,200,200,200,200,200,200,200,200,200,200,200,200,200,200,200,200,200,200,200,200,200,200,200,200,200,200,200},
            {200,200,200,200,200,200,200,200,200,200,200,200,200,200,200,200,200,200,200,200,200,200,200,200,200,200,200,200,200,200,200,200,200,200,200,200,200,200,200,200,200,200,200,200,200,200,200,200,200,200},
            {200,200,200,200,200,200,200,200,200,200,200,200,200,200,200,200,200,200,200,200,200,200,200,200,200,200,200,200,200,200,200,200,200,200,200,200,200,200,200,200,200,200,200,200,200,200,200,200,200,200},
            {200,200,200,200,200,200,200,200,200,200,200,200,200,200,200,200,200,200,200,200,200,200,200,200,200,200,200,200,200,200,200,200,200,200,200,200,200,200,200,200,200,200,200,200,200,200,200,200,200,200},
            {200,200,200,200,200,200,200,200,200,200,200,200,200,200,200,200,200,200,200,200,200,200,200,200,200,200,200,200,200,200,200,200,200,200,200,200,200,200,200,200,200,200,200,200,200,200,200,200,200,200},
            {200,200,200,200,200,200,200,200,200,200,200,200,200,200,200,200,200,200,200,200,200,200,200,200,200,200,200,200,200,200,200,200,200,200,200,200,200,200,200,200,200,200,200,200,200,200,200,200,200,200}};
            int[,] g = new int[50,50]{{96,96,96,96,96,96,96,96,96,96,96,96,96,96,96,96,96,96,96,96,96,96,96,96,96,96,96,96,96,96,96,96,96,96,96,96,96,96,96,96,96,96,96,96,96,96,96,96,96,96},
            {96,96,96,96,96,96,96,96,96,96,96,96,96,96,96,96,96,96,96,96,96,96,96,96,96,96,96,96,96,96,96,96,96,96,96,96,96,96,96,96,96,96,96,96,96,96,96,96,96,96},
            {96,96,96,96,96,96,96,96,96,96,96,96,96,96,96,96,96,96,96,96,96,96,96,96,96,96,96,96,96,96,96,96,96,96,96,96,96,96,96,96,96,96,96,96,96,96,96,96,96,96},
            {96,96,96,96,96,96,96,96,96,96,96,96,96,96,96,96,96,96,96,96,96,96,96,96,96,96,96,96,96,96,96,96,96,96,96,96,96,96,96,96,96,96,96,96,96,96,96,96,96,96},
            {96,96,96,96,96,96,96,96,96,96,96,96,96,96,96,96,96,96,96,96,96,96,96,96,96,96,96,96,96,96,96,96,96,96,96,96,96,96,96,96,96,96,96,96,96,96,96,96,96,96},
            {96,96,96,96,96,96,96,96,96,96,96,96,96,96,96,96,96,96,96,96,96,96,96,96,96,96,96,96,96,96,96,96,96,96,96,96,96,96,96,96,96,96,96,96,96,96,96,96,96,96},
            {96,96,96,96,96,96,96,96,96,96,96,96,96,96,96,96,96,96,96,96,96,96,96,96,96,96,96,96,96,96,96,96,96,96,96,96,96,96,96,96,96,96,96,96,96,96,96,96,96,96},
            {96,96,96,96,96,96,96,96,96,96,96,96,96,96,96,96,96,96,96,96,96,96,96,96,96,96,96,96,96,96,0,0,0,0,0,0,0,0,0,0,0,96,96,96,96,96,96,96,96,96},
            {96,96,96,96,96,96,96,96,96,96,96,96,96,96,96,96,96,96,96,96,96,96,96,96,96,96,96,96,96,96,0,0,0,0,0,0,0,0,0,0,0,96,96,96,96,96,96,96,96,96},
            {96,96,96,96,96,96,96,96,96,0,0,0,0,0,0,0,0,0,0,0,96,96,96,96,96,96,96,96,96,96,0,0,0,0,0,0,0,0,0,0,0,96,96,96,96,96,96,96,96,96},
            {96,96,96,96,96,96,96,96,96,0,0,0,0,0,0,0,0,0,0,0,96,96,96,96,96,96,96,96,96,96,96,96,96,96,96,96,96,96,96,96,96,96,96,96,96,96,96,96,96,96},
            {96,96,96,96,96,96,96,96,96,0,0,0,0,0,0,0,0,0,0,0,96,96,96,96,96,96,96,96,96,96,96,96,96,96,96,96,96,96,96,96,96,96,96,96,96,96,96,96,96,96},
            {96,96,96,96,96,96,96,96,96,0,0,0,0,0,0,0,0,0,0,0,96,96,96,96,96,96,96,96,96,96,96,96,96,96,96,96,96,96,96,96,96,96,96,96,96,96,96,96,96,96},
            {96,96,96,96,96,96,96,96,96,0,0,0,0,0,0,0,0,0,0,0,96,96,96,96,96,96,96,96,96,96,96,96,96,96,96,96,96,96,96,96,96,96,96,96,96,96,96,96,96,96},
            {96,96,96,96,96,96,96,96,96,0,0,0,0,0,255,255,255,255,255,255,255,255,255,255,255,255,255,255,255,255,255,255,255,255,255,255,255,255,255,255,96,96,96,96,96,96,96,96,96,96},
            {96,96,96,96,96,96,96,96,96,0,0,0,0,0,255,255,255,255,255,255,255,255,255,255,255,255,255,255,255,255,255,255,255,255,255,255,255,255,255,255,96,96,96,96,96,96,96,96,96,96},
            {96,96,96,96,96,96,96,96,96,0,0,0,0,0,255,255,255,255,255,255,255,255,255,255,255,255,255,255,255,255,255,255,255,255,255,255,255,255,255,255,96,96,96,96,96,96,96,96,96,96},
            {96,96,96,96,96,96,96,96,96,0,0,0,0,0,255,255,255,255,255,255,255,255,255,255,255,255,255,255,255,255,255,255,255,255,255,255,255,255,255,255,96,96,96,96,96,96,96,96,96,96},
            {96,96,96,96,96,96,96,96,96,0,0,0,0,0,255,255,255,255,255,255,255,255,255,255,255,255,255,255,255,255,255,255,255,255,255,255,255,255,255,255,96,96,96,96,96,96,96,96,96,96},
            {96,96,96,96,96,96,96,96,96,0,0,0,0,0,255,255,255,255,255,255,255,255,255,255,255,255,255,255,255,0,0,0,0,0,0,0,0,0,0,0,96,96,96,96,96,96,96,96,96,96},
            {96,96,96,96,96,96,96,96,96,96,96,96,96,96,255,255,255,255,255,255,255,255,255,255,255,255,255,255,255,0,0,0,0,0,0,0,0,0,0,0,96,96,96,96,96,96,96,96,96,96},
            {96,96,96,96,96,96,96,96,96,96,96,96,96,96,255,255,255,255,255,255,255,255,255,255,255,255,255,255,255,0,0,0,0,0,0,0,0,0,0,0,96,96,96,96,96,96,96,96,96,96},
            {96,96,96,96,96,96,96,96,96,96,96,96,96,96,255,255,255,255,255,255,255,255,255,255,255,255,255,255,255,0,0,0,0,0,0,0,0,0,0,0,96,96,96,96,96,96,96,96,96,96},
            {96,96,96,96,96,96,96,96,96,96,96,96,96,96,255,255,255,255,255,255,255,255,255,255,255,255,255,255,255,0,0,0,0,0,0,0,0,0,0,0,96,96,96,96,96,96,96,96,96,96},
            {96,96,96,96,96,96,96,96,96,96,96,96,96,96,255,255,255,255,255,255,255,255,255,255,255,255,255,255,255,0,0,0,0,0,0,0,0,0,0,0,96,96,96,96,96,96,96,96,96,96},
            {96,96,96,96,96,96,96,96,96,96,96,96,96,96,96,96,96,96,96,96,96,96,96,96,96,96,96,96,96,0,0,0,0,0,0,0,0,0,0,0,96,96,96,96,96,96,96,96,96,96},
            {96,96,96,96,96,96,96,96,96,96,96,96,96,96,96,96,96,96,96,96,96,96,96,96,96,96,96,96,96,0,0,0,0,0,0,0,0,0,0,0,96,96,96,96,96,96,96,96,96,96},
            {96,96,96,96,96,96,96,96,96,96,96,96,96,96,96,96,96,96,96,96,96,96,96,96,96,96,96,96,96,0,0,0,0,0,0,0,0,0,0,0,96,96,96,96,96,96,96,96,96,96},
            {96,96,96,96,96,96,96,96,96,96,96,96,96,96,96,96,96,96,96,96,96,96,96,96,96,96,96,96,96,0,0,0,0,0,0,0,0,0,0,0,96,96,96,96,96,96,96,96,96,96},
            {96,96,96,96,96,96,96,96,96,96,96,96,96,96,96,96,96,96,96,96,96,96,96,96,96,96,96,96,96,0,0,0,0,0,0,0,0,0,0,0,96,96,96,96,96,96,96,96,96,96},
            {96,96,96,96,96,96,96,96,96,96,96,255,255,255,255,255,255,255,255,255,255,96,96,96,96,96,96,96,96,0,0,0,0,0,0,0,0,0,0,0,96,96,96,96,96,96,96,96,96,96},
            {96,96,96,96,96,96,96,96,96,96,96,255,255,255,255,255,255,255,255,255,255,96,96,96,96,96,96,96,96,0,0,0,0,0,0,0,0,0,0,0,96,96,96,96,96,96,96,96,96,96},
            {96,96,96,96,96,96,96,96,96,96,96,255,255,255,255,255,255,255,255,255,255,96,96,96,96,96,96,96,96,0,0,0,0,0,0,0,0,0,0,0,96,96,96,96,96,96,96,96,96,96},
            {96,96,96,96,96,96,96,96,96,96,96,255,255,255,255,255,255,255,255,255,255,96,96,96,96,96,96,96,96,0,0,0,0,0,0,0,0,0,0,0,96,96,96,96,96,96,96,96,96,96},
            {96,96,96,96,96,96,96,96,96,96,96,255,255,255,255,255,255,255,255,255,255,96,96,96,96,96,96,96,96,0,0,0,0,0,0,0,0,0,0,0,96,96,96,96,96,96,96,96,96,96},
            {96,96,96,96,96,96,96,96,96,96,96,255,255,255,255,255,255,255,255,255,255,96,96,96,96,96,96,96,96,0,0,0,0,0,0,0,0,0,0,0,96,96,96,96,96,96,96,96,96,96},
            {96,96,96,96,96,96,96,96,96,96,96,255,255,255,255,255,255,255,255,255,255,96,96,96,96,96,96,96,96,0,0,0,0,0,0,0,0,0,0,0,96,96,96,96,96,96,96,96,96,96},
            {96,96,96,96,96,96,96,96,96,96,96,255,255,255,255,255,255,255,255,255,255,96,96,96,96,96,96,96,96,0,0,0,0,0,0,0,0,0,0,0,96,96,96,96,96,96,96,96,96,96},
            {96,96,96,96,96,96,96,96,96,96,96,255,255,255,255,255,255,255,255,255,255,96,96,96,96,96,96,96,96,0,0,0,0,0,0,0,0,0,0,0,96,96,96,96,96,96,96,96,96,96},
            {96,96,96,96,96,96,96,96,96,96,96,255,255,255,255,255,255,255,255,255,255,96,96,96,96,96,96,96,96,0,0,0,0,0,0,0,0,0,0,0,96,96,96,96,96,96,96,96,96,96},
            {96,96,96,96,96,96,96,96,96,96,96,255,255,255,255,255,255,255,255,255,255,96,96,96,96,96,96,96,96,96,96,96,96,96,96,96,96,96,96,96,96,96,96,96,96,96,96,96,96,96},
            {96,96,96,96,96,96,96,96,96,96,96,96,96,96,96,96,96,96,96,96,96,96,96,96,96,96,96,96,96,96,96,96,96,96,96,96,96,96,96,96,96,96,96,96,96,96,96,96,96,96},
            {96,96,96,96,96,96,96,96,96,96,96,96,96,96,96,96,96,96,96,96,96,96,96,96,96,96,96,96,96,96,96,96,96,96,96,96,96,96,96,96,96,96,96,96,96,96,96,96,96,96},
            {96,96,96,96,96,96,96,96,96,96,96,96,96,96,96,96,96,96,96,96,96,96,96,96,96,96,96,96,96,96,96,96,96,96,96,96,96,96,96,96,96,96,96,96,96,96,96,96,96,96},
            {96,96,96,96,96,96,96,96,96,96,96,96,96,96,96,96,96,96,96,96,96,96,96,96,96,96,96,96,96,96,96,96,96,96,96,96,96,96,96,96,96,96,96,96,96,96,96,96,96,96},
            {96,96,96,96,96,96,96,96,96,96,96,96,96,96,96,96,96,96,96,96,96,96,96,96,96,96,96,96,96,96,96,96,96,96,96,96,96,96,96,96,96,96,96,96,96,96,96,96,96,96},
            {96,96,96,96,96,96,96,96,96,96,96,96,96,96,96,96,96,96,96,96,96,96,96,96,96,96,96,96,96,96,96,96,96,96,96,96,96,96,96,96,96,96,96,96,96,96,96,96,96,96},
            {96,96,96,96,96,96,96,96,96,96,96,96,96,96,96,96,96,96,96,96,96,96,96,96,96,96,96,96,96,96,96,96,96,96,96,96,96,96,96,96,96,96,96,96,96,96,96,96,96,96},
            {96,96,96,96,96,96,96,96,96,96,96,96,96,96,96,96,96,96,96,96,96,96,96,96,96,96,96,96,96,96,96,96,96,96,96,96,96,96,96,96,96,96,96,96,96,96,96,96,96,96},
            {96,96,96,96,96,96,96,96,96,96,96,96,96,96,96,96,96,96,96,96,96,96,96,96,96,96,96,96,96,96,96,96,96,96,96,96,96,96,96,96,96,96,96,96,96,96,96,96,96,96}};
            int[,] b = new int[50,50]{{64,64,64,64,64,64,64,64,64,64,64,64,64,64,64,64,64,64,64,64,64,64,64,64,64,64,64,64,64,64,64,64,64,64,64,64,64,64,64,64,64,64,64,64,64,64,64,64,64,64},
            {64,64,64,64,64,64,64,64,64,64,64,64,64,64,64,64,64,64,64,64,64,64,64,64,64,64,64,64,64,64,64,64,64,64,64,64,64,64,64,64,64,64,64,64,64,64,64,64,64,64},
            {64,64,64,64,64,64,64,64,64,64,64,64,64,64,64,64,64,64,64,64,64,64,64,64,64,64,64,64,64,64,64,64,64,64,64,64,64,64,64,64,64,64,64,64,64,64,64,64,64,64},
            {64,64,64,64,64,64,64,64,64,64,64,64,64,64,64,64,64,64,64,64,64,64,64,64,64,64,64,64,64,64,64,64,64,64,64,64,64,64,64,64,64,64,64,64,64,64,64,64,64,64},
            {64,64,64,64,64,64,64,64,64,64,64,64,64,64,64,64,64,64,64,64,64,64,64,64,64,64,64,64,64,64,64,64,64,64,64,64,64,64,64,64,64,64,64,64,64,64,64,64,64,64},
            {64,64,64,64,64,64,64,64,64,64,64,64,64,64,64,64,64,64,64,64,64,64,64,64,64,64,64,64,64,64,64,64,64,64,64,64,64,64,64,64,64,64,64,64,64,64,64,64,64,64},
            {64,64,64,64,64,64,64,64,64,64,64,64,64,64,64,64,64,64,64,64,64,64,64,64,64,64,64,64,64,64,64,64,64,64,64,64,64,64,64,64,64,64,64,64,64,64,64,64,64,64},
            {64,64,64,64,64,64,64,64,64,64,64,64,64,64,64,64,64,64,64,64,64,64,64,64,64,64,64,64,64,64,255,255,255,255,255,255,255,255,255,255,255,64,64,64,64,64,64,64,64,64},
            {64,64,64,64,64,64,64,64,64,64,64,64,64,64,64,64,64,64,64,64,64,64,64,64,64,64,64,64,64,64,255,255,255,255,255,255,255,255,255,255,255,64,64,64,64,64,64,64,64,64},
            {64,64,64,64,64,64,64,64,64,0,0,0,0,0,0,0,0,0,0,0,64,64,64,64,64,64,64,64,64,64,255,255,255,255,255,255,255,255,255,255,255,64,64,64,64,64,64,64,64,64},
            {64,64,64,64,64,64,64,64,64,0,0,0,0,0,0,0,0,0,0,0,64,64,64,64,64,64,64,64,64,64,64,64,64,64,64,64,64,64,64,64,64,64,64,64,64,64,64,64,64,64},
            {64,64,64,64,64,64,64,64,64,0,0,0,0,0,0,0,0,0,0,0,64,64,64,64,64,64,64,64,64,64,64,64,64,64,64,64,64,64,64,64,64,64,64,64,64,64,64,64,64,64},
            {64,64,64,64,64,64,64,64,64,0,0,0,0,0,0,0,0,0,0,0,64,64,64,64,64,64,64,64,64,64,64,64,64,64,64,64,64,64,64,64,64,64,64,64,64,64,64,64,64,64},
            {64,64,64,64,64,64,64,64,64,0,0,0,0,0,0,0,0,0,0,0,64,64,64,64,64,64,64,64,64,64,64,64,64,64,64,64,64,64,64,64,64,64,64,64,64,64,64,64,64,64},
            {64,64,64,64,64,64,64,64,64,0,0,0,0,0,0,0,0,0,0,0,0,0,0,0,0,0,0,0,0,0,0,0,0,0,0,0,0,0,0,0,64,64,64,64,64,64,64,64,64,64},
            {64,64,64,64,64,64,64,64,64,0,0,0,0,0,0,0,0,0,0,0,0,0,0,0,0,0,0,0,0,0,0,0,0,0,0,0,0,0,0,0,64,64,64,64,64,64,64,64,64,64},
            {64,64,64,64,64,64,64,64,64,0,0,0,0,0,0,0,0,0,0,0,0,0,0,0,0,0,0,0,0,0,0,0,0,0,0,0,0,0,0,0,64,64,64,64,64,64,64,64,64,64},
            {64,64,64,64,64,64,64,64,64,0,0,0,0,0,0,0,0,0,0,0,0,0,0,0,0,0,0,0,0,0,0,0,0,0,0,0,0,0,0,0,64,64,64,64,64,64,64,64,64,64},
            {64,64,64,64,64,64,64,64,64,0,0,0,0,0,0,0,0,0,0,0,0,0,0,0,0,0,0,0,0,0,0,0,0,0,0,0,0,0,0,0,64,64,64,64,64,64,64,64,64,64},
            {64,64,64,64,64,64,64,64,64,0,0,0,0,0,0,0,0,0,0,0,0,0,0,0,0,0,0,0,0,255,255,255,255,255,255,255,255,255,255,255,64,64,64,64,64,64,64,64,64,64},
            {64,64,64,64,64,64,64,64,64,64,64,64,64,64,0,0,0,0,0,0,0,0,0,0,0,0,0,0,0,255,255,255,255,255,255,255,255,255,255,255,64,64,64,64,64,64,64,64,64,64},
            {64,64,64,64,64,64,64,64,64,64,64,64,64,64,0,0,0,0,0,0,0,0,0,0,0,0,0,0,0,255,255,255,255,255,255,255,255,255,255,255,64,64,64,64,64,64,64,64,64,64},
            {64,64,64,64,64,64,64,64,64,64,64,64,64,64,0,0,0,0,0,0,0,0,0,0,0,0,0,0,0,255,255,255,255,255,255,255,255,255,255,255,64,64,64,64,64,64,64,64,64,64},
            {64,64,64,64,64,64,64,64,64,64,64,64,64,64,0,0,0,0,0,0,0,0,0,0,0,0,0,0,0,255,255,255,255,255,255,255,255,255,255,255,64,64,64,64,64,64,64,64,64,64},
            {64,64,64,64,64,64,64,64,64,64,64,64,64,64,0,0,0,0,0,0,0,0,0,0,0,0,0,0,0,255,255,255,255,255,255,255,255,255,255,255,64,64,64,64,64,64,64,64,64,64},
            {64,64,64,64,64,64,64,64,64,64,64,64,64,64,64,64,64,64,64,64,64,64,64,64,64,64,64,64,64,255,255,255,255,255,255,255,255,255,255,255,64,64,64,64,64,64,64,64,64,64},
            {64,64,64,64,64,64,64,64,64,64,64,64,64,64,64,64,64,64,64,64,64,64,64,64,64,64,64,64,64,255,255,255,255,255,255,255,255,255,255,255,64,64,64,64,64,64,64,64,64,64},
            {64,64,64,64,64,64,64,64,64,64,64,64,64,64,64,64,64,64,64,64,64,64,64,64,64,64,64,64,64,255,255,255,255,255,255,255,255,255,255,255,64,64,64,64,64,64,64,64,64,64},
            {64,64,64,64,64,64,64,64,64,64,64,64,64,64,64,64,64,64,64,64,64,64,64,64,64,64,64,64,64,255,255,255,255,255,255,255,255,255,255,255,64,64,64,64,64,64,64,64,64,64},
            {64,64,64,64,64,64,64,64,64,64,64,64,64,64,64,64,64,64,64,64,64,64,64,64,64,64,64,64,64,255,255,255,255,255,255,255,255,255,255,255,64,64,64,64,64,64,64,64,64,64},
            {64,64,64,64,64,64,64,64,64,64,64,0,0,0,0,0,0,0,0,0,0,64,64,64,64,64,64,64,64,255,255,255,255,255,255,255,255,255,255,255,64,64,64,64,64,64,64,64,64,64},
            {64,64,64,64,64,64,64,64,64,64,64,0,0,0,0,0,0,0,0,0,0,64,64,64,64,64,64,64,64,255,255,255,255,255,255,255,255,255,255,255,64,64,64,64,64,64,64,64,64,64},
            {64,64,64,64,64,64,64,64,64,64,64,0,0,0,0,0,0,0,0,0,0,64,64,64,64,64,64,64,64,255,255,255,255,255,255,255,255,255,255,255,64,64,64,64,64,64,64,64,64,64},
            {64,64,64,64,64,64,64,64,64,64,64,0,0,0,0,0,0,0,0,0,0,64,64,64,64,64,64,64,64,255,255,255,255,255,255,255,255,255,255,255,64,64,64,64,64,64,64,64,64,64},
            {64,64,64,64,64,64,64,64,64,64,64,0,0,0,0,0,0,0,0,0,0,64,64,64,64,64,64,64,64,255,255,255,255,255,255,255,255,255,255,255,64,64,64,64,64,64,64,64,64,64},
            {64,64,64,64,64,64,64,64,64,64,64,0,0,0,0,0,0,0,0,0,0,64,64,64,64,64,64,64,64,255,255,255,255,255,255,255,255,255,255,255,64,64,64,64,64,64,64,64,64,64},
            {64,64,64,64,64,64,64,64,64,64,64,0,0,0,0,0,0,0,0,0,0,64,64,64,64,64,64,64,64,255,255,255,255,255,255,255,255,255,255,255,64,64,64,64,64,64,64,64,64,64},
            {64,64,64,64,64,64,64,64,64,64,64,0,0,0,0,0,0,0,0,0,0,64,64,64,64,64,64,64,64,255,255,255,255,255,255,255,255,255,255,255,64,64,64,64,64,64,64,64,64,64},
            {64,64,64,64,64,64,64,64,64,64,64,0,0,0,0,0,0,0,0,0,0,64,64,64,64,64,64,64,64,255,255,255,255,255,255,255,255,255,255,255,64,64,64,64,64,64,64,64,64,64},
            {64,64,64,64,64,64,64,64,64,64,64,0,0,0,0,0,0,0,0,0,0,64,64,64,64,64,64,64,64,255,255,255,255,255,255,255,255,255,255,255,64,64,64,64,64,64,64,64,64,64},
            {64,64,64,64,64,64,64,64,64,64,64,0,0,0,0,0,0,0,0,0,0,64,64,64,64,64,64,64,64,64,64,64,64,64,64,64,64,64,64,64,64,64,64,64,64,64,64,64,64,64},
            {64,64,64,64,64,64,64,64,64,64,64,64,64,64,64,64,64,64,64,64,64,64,64,64,64,64,64,64,64,64,64,64,64,64,64,64,64,64,64,64,64,64,64,64,64,64,64,64,64,64},
            {64,64,64,64,64,64,64,64,64,64,64,64,64,64,64,64,64,64,64,64,64,64,64,64,64,64,64,64,64,64,64,64,64,64,64,64,64,64,64,64,64,64,64,64,64,64,64,64,64,64},
            {64,64,64,64,64,64,64,64,64,64,64,64,64,64,64,64,64,64,64,64,64,64,64,64,64,64,64,64,64,64,64,64,64,64,64,64,64,64,64,64,64,64,64,64,64,64,64,64,64,64},
            {64,64,64,64,64,64,64,64,64,64,64,64,64,64,64,64,64,64,64,64,64,64,64,64,64,64,64,64,64,64,64,64,64,64,64,64,64,64,64,64,64,64,64,64,64,64,64,64,64,64},
            {64,64,64,64,64,64,64,64,64,64,64,64,64,64,64,64,64,64,64,64,64,64,64,64,64,64,64,64,64,64,64,64,64,64,64,64,64,64,64,64,64,64,64,64,64,64,64,64,64,64},
            {64,64,64,64,64,64,64,64,64,64,64,64,64,64,64,64,64,64,64,64,64,64,64,64,64,64,64,64,64,64,64,64,64,64,64,64,64,64,64,64,64,64,64,64,64,64,64,64,64,64},
            {64,64,64,64,64,64,64,64,64,64,64,64,64,64,64,64,64,64,64,64,64,64,64,64,64,64,64,64,64,64,64,64,64,64,64,64,64,64,64,64,64,64,64,64,64,64,64,64,64,64},
            {64,64,64,64,64,64,64,64,64,64,64,64,64,64,64,64,64,64,64,64,64,64,64,64,64,64,64,64,64,64,64,64,64,64,64,64,64,64,64,64,64,64,64,64,64,64,64,64,64,64},
            {64,64,64,64,64,64,64,64,64,64,64,64,64,64,64,64,64,64,64,64,64,64,64,64,64,64,64,64,64,64,64,64,64,64,64,64,64,64,64,64,64,64,64,64,64,64,64,64,64,64}};
            int i,j,bfs,bfo,jas,jao;
            bool vanelem=false;
            i = 0;
            j = 0;
            while (i <= 49 && !vanelem) {
                j=0;
                while (j<=49 && !(r[i,j]==255 && g[i,j]==255 && b[i,j]==0))
                    j++;
                if (j<=49) vanelem = true;
                else i++;
            }
            bfs=i+1;
            bfo=j+1;
            Console.WriteLine( "bal felso sarok sor: {0} oszlop: {1}",  bfs, bfo );
            vanelem=false;
            i = 49;
            while (i >= 0 && !vanelem) {
                j=49;
                while (j>=0 && !(r[i,j]==255 && g[i,j]==255 && b[i,j]==0))
                    j--;
                if (j>=0) vanelem = true;
                else i--;
            }
            jas=i+1;
            jao=j+1;
            Console.WriteLine( "jobb also sarok sor: {0} oszlop: {1}",  jas, jao );
            Console.WriteLine( "keppontok szama: {0}",  (jao-bfo+1)*(jas-bfs+1));
            Console.ReadLine();
        }
    }
}
